# x-orient SWE battery bed: tilted plane + off-axis mound (gen_inputs.py)
0.0297615443
0.0652205909
0.1046986983
0.1493519973
0.1975411573
0.2438673971
0.2816668436
0.3078673971
0.3255411573
0.3413519973
0.0548864230
0.0925543315
0.1368077737
0.1895411573
0.2480683153
0.3035429383
0.3450457683
0.3675429383
0.3760683153
0.3815411573
0.0798818596
0.1195044516
0.1679837210
0.2278673971
0.2955429383
0.3591132212
0.4038932787
0.4231132212
0.4235429383
0.4198673971
0.1042848251
0.1446986983
0.1948886370
0.2576668436
0.3290457683
0.3958932787
0.4420000000
0.4598932787
0.4570457683
0.4496668436
0.1278818596
0.1675044516
0.2159837210
0.2758673971
0.3435429383
0.4071132212
0.4518932787
0.4711132212
0.4715429383
0.4678673971
0.1508864230
0.1885543315
0.2328077737
0.2855411573
0.3440683153
0.3995429383
0.4410457683
0.4635429383
0.4720683153
0.4775411573
0.1737615443
0.2092205909
0.2486986983
0.2933519973
0.3415411573
0.3878673971
0.4256668436
0.4518673971
0.4695411573
0.4853519973
0.1968823494
0.2306149699
0.2663607193
0.3046986983
0.3448077737
0.3839837210
0.4188886370
0.4479837210
0.4728077737
0.4966986983
0.2203627447
0.2530750463
0.2866149699
0.3212205909
0.3565543315
0.3915044516
0.4246986983
0.4555044516
0.4845543315
0.5132205909
0.2441223982
0.2763627447
0.3088823494
0.3417615443
0.3748864230
0.4078818596
0.4402848251
0.4718818596
0.5028864230
0.5337615443
