# x-orient transport battery tracer blob (gen_inputs.py)
0.000000000000
0.000000000003
0.000000000014
0.000000000023
0.000000000014
0.000000000003
0.000000000000
0.000000000000
0.000000000000
0.000000000000
0.000000000000
0.000000000000
0.000000000169
0.000000002061
0.000000009237
0.000000015230
0.000000009237
0.000000002061
0.000000000169
0.000000000005
0.000000000000
0.000000000000
0.000000000000
0.000000000000
0.000000041399
0.000000504348
0.000002260329
0.000003726653
0.000002260329
0.000000504348
0.000000041399
0.000000001250
0.000000000014
0.000000000000
0.000000000000
0.000000000000
0.000003726653
0.000045399930
0.000203468369
0.000335462628
0.000203468369
0.000045399930
0.000003726653
0.000000112535
0.000000001250
0.000000000005
0.000000000000
0.000000000000
0.000123409804
0.001503439193
0.006737946999
0.011108996538
0.006737946999
0.001503439193
0.000123409804
0.000003726653
0.000000041399
0.000000000169
0.000000000000
0.000000000000
0.001503439193
0.018315638889
0.082084998624
0.135335283237
0.082084998624
0.018315638889
0.001503439193
0.000045399930
0.000000504348
0.000000002061
0.000000000003
0.000000000000
0.006737946999
0.082084998624
0.367879441171
0.606530659713
0.367879441171
0.082084998624
0.006737946999
0.000203468369
0.000002260329
0.000000009237
0.000000000014
0.000000000000
0.011108996538
0.135335283237
0.606530659713
1.000000000000
0.606530659713
0.135335283237
0.011108996538
0.000335462628
0.000003726653
0.000000015230
0.000000000023
0.000000000000
0.006737946999
0.082084998624
0.367879441171
0.606530659713
0.367879441171
0.082084998624
0.006737946999
0.000203468369
0.000002260329
0.000000009237
0.000000000014
0.000000000000
0.001503439193
0.018315638889
0.082084998624
0.135335283237
0.082084998624
0.018315638889
0.001503439193
0.000045399930
0.000000504348
0.000000002061
0.000000000003
0.000000000000
0.000123409804
0.001503439193
0.006737946999
0.011108996538
0.006737946999
0.001503439193
0.000123409804
0.000003726653
0.000000041399
0.000000000169
0.000000000000
0.000000000000
0.000003726653
0.000045399930
0.000203468369
0.000335462628
0.000203468369
0.000045399930
0.000003726653
0.000000112535
0.000000001250
0.000000000005
0.000000000000
0.000000000000
