# x-orient transport battery initial stage tilt (gen_inputs.py)
-0.007333333333
-0.006000000000
-0.004666666667
-0.003333333333
-0.002000000000
-0.000666666667
0.000666666667
0.002000000000
0.003333333333
0.004666666667
0.006000000000
0.007333333333
-0.007333333333
-0.006000000000
-0.004666666667
-0.003333333333
-0.002000000000
-0.000666666667
0.000666666667
0.002000000000
0.003333333333
0.004666666667
0.006000000000
0.007333333333
-0.007333333333
-0.006000000000
-0.004666666667
-0.003333333333
-0.002000000000
-0.000666666667
0.000666666667
0.002000000000
0.003333333333
0.004666666667
0.006000000000
0.007333333333
-0.007333333333
-0.006000000000
-0.004666666667
-0.003333333333
-0.002000000000
-0.000666666667
0.000666666667
0.002000000000
0.003333333333
0.004666666667
0.006000000000
0.007333333333
-0.007333333333
-0.006000000000
-0.004666666667
-0.003333333333
-0.002000000000
-0.000666666667
0.000666666667
0.002000000000
0.003333333333
0.004666666667
0.006000000000
0.007333333333
-0.007333333333
-0.006000000000
-0.004666666667
-0.003333333333
-0.002000000000
-0.000666666667
0.000666666667
0.002000000000
0.003333333333
0.004666666667
0.006000000000
0.007333333333
-0.007333333333
-0.006000000000
-0.004666666667
-0.003333333333
-0.002000000000
-0.000666666667
0.000666666667
0.002000000000
0.003333333333
0.004666666667
0.006000000000
0.007333333333
-0.007333333333
-0.006000000000
-0.004666666667
-0.003333333333
-0.002000000000
-0.000666666667
0.000666666667
0.002000000000
0.003333333333
0.004666666667
0.006000000000
0.007333333333
-0.007333333333
-0.006000000000
-0.004666666667
-0.003333333333
-0.002000000000
-0.000666666667
0.000666666667
0.002000000000
0.003333333333
0.004666666667
0.006000000000
0.007333333333
-0.007333333333
-0.006000000000
-0.004666666667
-0.003333333333
-0.002000000000
-0.000666666667
0.000666666667
0.002000000000
0.003333333333
0.004666666667
0.006000000000
0.007333333333
-0.007333333333
-0.006000000000
-0.004666666667
-0.003333333333
-0.002000000000
-0.000666666667
0.000666666667
0.002000000000
0.003333333333
0.004666666667
0.006000000000
0.007333333333
-0.007333333333
-0.006000000000
-0.004666666667
-0.003333333333
-0.002000000000
-0.000666666667
0.000666666667
0.002000000000
0.003333333333
0.004666666667
0.006000000000
0.007333333333
