# g9c sloping bed: -0.12 m at x=0 to -2.0 m at x=1000 (cell centers, dx=5)
-0.124700
-0.134100
-0.143500
-0.152900
-0.162300
-0.171700
-0.181100
-0.190500
-0.199900
-0.209300
-0.218700
-0.228100
-0.237500
-0.246900
-0.256300
-0.265700
-0.275100
-0.284500
-0.293900
-0.303300
-0.312700
-0.322100
-0.331500
-0.340900
-0.350300
-0.359700
-0.369100
-0.378500
-0.387900
-0.397300
-0.406700
-0.416100
-0.425500
-0.434900
-0.444300
-0.453700
-0.463100
-0.472500
-0.481900
-0.491300
-0.500700
-0.510100
-0.519500
-0.528900
-0.538300
-0.547700
-0.557100
-0.566500
-0.575900
-0.585300
-0.594700
-0.604100
-0.613500
-0.622900
-0.632300
-0.641700
-0.651100
-0.660500
-0.669900
-0.679300
-0.688700
-0.698100
-0.707500
-0.716900
-0.726300
-0.735700
-0.745100
-0.754500
-0.763900
-0.773300
-0.782700
-0.792100
-0.801500
-0.810900
-0.820300
-0.829700
-0.839100
-0.848500
-0.857900
-0.867300
-0.876700
-0.886100
-0.895500
-0.904900
-0.914300
-0.923700
-0.933100
-0.942500
-0.951900
-0.961300
-0.970700
-0.980100
-0.989500
-0.998900
-1.008300
-1.017700
-1.027100
-1.036500
-1.045900
-1.055300
-1.064700
-1.074100
-1.083500
-1.092900
-1.102300
-1.111700
-1.121100
-1.130500
-1.139900
-1.149300
-1.158700
-1.168100
-1.177500
-1.186900
-1.196300
-1.205700
-1.215100
-1.224500
-1.233900
-1.243300
-1.252700
-1.262100
-1.271500
-1.280900
-1.290300
-1.299700
-1.309100
-1.318500
-1.327900
-1.337300
-1.346700
-1.356100
-1.365500
-1.374900
-1.384300
-1.393700
-1.403100
-1.412500
-1.421900
-1.431300
-1.440700
-1.450100
-1.459500
-1.468900
-1.478300
-1.487700
-1.497100
-1.506500
-1.515900
-1.525300
-1.534700
-1.544100
-1.553500
-1.562900
-1.572300
-1.581700
-1.591100
-1.600500
-1.609900
-1.619300
-1.628700
-1.638100
-1.647500
-1.656900
-1.666300
-1.675700
-1.685100
-1.694500
-1.703900
-1.713300
-1.722700
-1.732100
-1.741500
-1.750900
-1.760300
-1.769700
-1.779100
-1.788500
-1.797900
-1.807300
-1.816700
-1.826100
-1.835500
-1.844900
-1.854300
-1.863700
-1.873100
-1.882500
-1.891900
-1.901300
-1.910700
-1.920100
-1.929500
-1.938900
-1.948300
-1.957700
-1.967100
-1.976500
-1.985900
-1.995300
