# HRL initial temperature: conduction profile between the pinned-cell
# centres + 0.5 K of the critical m = 2 mode cos(pi x/H) sin(pi zeta)
# (j*nx+i)*nz+k order; generator: gen_hrl_ic.py (V2-A17)
20.000000
20.608359
21.214481
21.816187
22.411423
22.998307
23.575188
24.140686
24.693732
25.233598
25.759914
26.272680
26.772265
27.259398
27.735149
28.200896
28.658293
29.109218
29.555728
30.000000
20.000000
20.606339
21.210496
21.810346
22.403884
22.989277
23.564912
24.129446
24.681834
25.221366
25.747682
26.260782
26.761025
27.249123
27.726119
28.193358
28.652451
29.105232
29.553708
30.000000
20.000000
20.602349
21.202623
21.798806
22.388992
22.971439
23.544615
24.107243
24.658331
25.197204
25.723520
26.237278
26.738822
27.228826
27.708281
28.178466
28.640912
29.097360
29.549717
30.000000
20.000000
20.596486
21.191057
21.781853
22.367114
22.945233
23.514796
24.074623
24.623801
25.161706
25.688022
26.202748
26.706202
27.199006
27.682075
28.156588
28.623959
29.085794
29.543854
30.000000
20.000000
20.588895
21.176083
21.759904
22.338789
22.911303
23.476188
24.032390
24.579095
25.115747
25.642062
26.158043
26.663969
27.160398
27.648145
28.128262
28.602009
29.070820
29.536264
30.000000
20.000000
20.579764
21.158069
21.733499
22.304713
22.870486
23.429743
23.981584
24.525314
25.060457
25.586773
26.104261
26.613163
27.113953
27.607328
28.094186
28.575604
29.052806
29.527132
30.000000
20.000000
20.569316
21.137459
21.703288
22.265726
22.823786
23.376604
23.923456
24.463781
24.997199
25.523515
26.042729
26.555035
27.060814
27.560628
28.055199
28.545394
29.032196
29.516684
30.000000
20.000000
20.557810
21.114760
21.670016
22.222788
22.772354
23.318080
23.859436
24.396013
24.927530
25.453846
25.974960
26.491015
27.002290
27.509196
28.012261
28.512121
29.009497
29.505178
30.000000
20.000000
20.545528
21.090531
21.634501
22.176956
22.717455
23.255611
23.791102
24.323677
24.853166
25.379482
25.902625
26.422681
26.939822
27.454297
27.966429
28.476606
28.985268
29.492896
30.000000
20.000000
20.532773
21.065369
21.597619
22.129358
22.660441
23.190736
23.720136
24.248555
24.775938
25.302253
25.827503
26.351715
26.874947
27.397283
27.918832
28.439724
28.960106
29.480141
30.000000
20.000000
20.519859
21.039894
21.560276
22.081168
22.602717
23.125053
23.648285
24.172497
24.697747
25.224062
25.751445
26.279864
26.809264
27.339559
27.870642
28.402381
28.934631
29.467227
30.000000
20.000000
20.507104
21.014732
21.523394
22.033571
22.545703
23.060178
23.577319
24.097375
24.620518
25.146834
25.676323
26.208898
26.744389
27.282545
27.823044
28.365499
28.909469
29.454472
30.000000
20.000000
20.494822
20.990503
21.487879
21.987739
22.490804
22.997710
23.508985
24.025040
24.546154
25.072470
25.603987
26.140564
26.681920
27.227646
27.777212
28.329984
28.885240
29.442190
30.000000
20.000000
20.483316
20.967804
21.454606
21.944801
22.439372
22.939186
23.444965
23.957271
24.476485
25.002801
25.536219
26.076544
26.623396
27.176214
27.734274
28.296712
28.862541
29.430684
30.000000
20.000000
20.472868
20.947194
21.424396
21.905814
22.392672
22.886047
23.386837
23.895739
24.413227
24.939543
25.474686
26.018416
26.570257
27.129514
27.695287
28.266501
28.841931
29.420236
30.000000
20.000000
20.463736
20.929180
21.397991
21.871738
22.351855
22.839602
23.336031
23.841957
24.357938
24.884253
25.420905
25.967610
26.523812
27.088697
27.661211
28.240096
28.823917
29.411105
30.000000
20.000000
20.456146
20.914206
21.376041
21.843412
22.317925
22.800994
23.293798
23.797252
24.311978
24.838294
25.376199
25.925377
26.485204
27.054767
27.632886
28.218147
28.808943
29.403514
30.000000
20.000000
20.450283
20.902640
21.359088
21.821534
22.291719
22.771174
23.261178
23.762722
24.276480
24.802796
25.341669
25.892757
26.455385
27.028561
27.611008
28.201194
28.797377
29.397651
30.000000
20.000000
20.446292
20.894768
21.347549
21.806642
22.273881
22.750877
23.238975
23.739218
24.252318
24.778634
25.318166
25.870554
26.435088
27.010723
27.596116
28.189654
28.789504
29.393661
30.000000
20.000000
20.444272
20.890782
21.341707
21.799104
22.264851
22.740602
23.227735
23.727320
24.240086
24.766402
25.306268
25.859314
26.424812
27.001693
27.588577
28.183813
28.785519
29.391641
30.000000
20.000000
20.444272
20.890782
21.341707
21.799104
22.264851
22.740602
23.227735
23.727320
24.240086
24.766402
25.306268
25.859314
26.424812
27.001693
27.588577
28.183813
28.785519
29.391641
30.000000
20.000000
20.446292
20.894768
21.347549
21.806642
22.273881
22.750877
23.238975
23.739218
24.252318
24.778634
25.318166
25.870554
26.435088
27.010723
27.596116
28.189654
28.789504
29.393661
30.000000
20.000000
20.450283
20.902640
21.359088
21.821534
22.291719
22.771174
23.261178
23.762722
24.276480
24.802796
25.341669
25.892757
26.455385
27.028561
27.611008
28.201194
28.797377
29.397651
30.000000
20.000000
20.456146
20.914206
21.376041
21.843412
22.317925
22.800994
23.293798
23.797252
24.311978
24.838294
25.376199
25.925377
26.485204
27.054767
27.632886
28.218147
28.808943
29.403514
30.000000
20.000000
20.463736
20.929180
21.397991
21.871738
22.351855
22.839602
23.336031
23.841957
24.357938
24.884253
25.420905
25.967610
26.523812
27.088697
27.661211
28.240096
28.823917
29.411105
30.000000
20.000000
20.472868
20.947194
21.424396
21.905814
22.392672
22.886047
23.386837
23.895739
24.413227
24.939543
25.474686
26.018416
26.570257
27.129514
27.695287
28.266501
28.841931
29.420236
30.000000
20.000000
20.483316
20.967804
21.454606
21.944801
22.439372
22.939186
23.444965
23.957271
24.476485
25.002801
25.536219
26.076544
26.623396
27.176214
27.734274
28.296712
28.862541
29.430684
30.000000
20.000000
20.494822
20.990503
21.487879
21.987739
22.490804
22.997710
23.508985
24.025040
24.546154
25.072470
25.603987
26.140564
26.681920
27.227646
27.777212
28.329984
28.885240
29.442190
30.000000
20.000000
20.507104
21.014732
21.523394
22.033571
22.545703
23.060178
23.577319
24.097375
24.620518
25.146834
25.676323
26.208898
26.744389
27.282545
27.823044
28.365499
28.909469
29.454472
30.000000
20.000000
20.519859
21.039894
21.560276
22.081168
22.602717
23.125053
23.648285
24.172497
24.697747
25.224062
25.751445
26.279864
26.809264
27.339559
27.870642
28.402381
28.934631
29.467227
30.000000
20.000000
20.532773
21.065369
21.597619
22.129358
22.660441
23.190736
23.720136
24.248555
24.775938
25.302253
25.827503
26.351715
26.874947
27.397283
27.918832
28.439724
28.960106
29.480141
30.000000
20.000000
20.545528
21.090531
21.634501
22.176956
22.717455
23.255611
23.791102
24.323677
24.853166
25.379482
25.902625
26.422681
26.939822
27.454297
27.966429
28.476606
28.985268
29.492896
30.000000
20.000000
20.557810
21.114760
21.670016
22.222788
22.772354
23.318080
23.859436
24.396013
24.927530
25.453846
25.974960
26.491015
27.002290
27.509196
28.012261
28.512121
29.009497
29.505178
30.000000
20.000000
20.569316
21.137459
21.703288
22.265726
22.823786
23.376604
23.923456
24.463781
24.997199
25.523515
26.042729
26.555035
27.060814
27.560628
28.055199
28.545394
29.032196
29.516684
30.000000
20.000000
20.579764
21.158069
21.733499
22.304713
22.870486
23.429743
23.981584
24.525314
25.060457
25.586773
26.104261
26.613163
27.113953
27.607328
28.094186
28.575604
29.052806
29.527132
30.000000
20.000000
20.588895
21.176083
21.759904
22.338789
22.911303
23.476188
24.032390
24.579095
25.115747
25.642062
26.158043
26.663969
27.160398
27.648145
28.128262
28.602009
29.070820
29.536264
30.000000
20.000000
20.596486
21.191057
21.781853
22.367114
22.945233
23.514796
24.074623
24.623801
25.161706
25.688022
26.202748
26.706202
27.199006
27.682075
28.156588
28.623959
29.085794
29.543854
30.000000
20.000000
20.602349
21.202623
21.798806
22.388992
22.971439
23.544615
24.107243
24.658331
25.197204
25.723520
26.237278
26.738822
27.228826
27.708281
28.178466
28.640912
29.097360
29.549717
30.000000
20.000000
20.606339
21.210496
21.810346
22.403884
22.989277
23.564912
24.129446
24.681834
25.221366
25.747682
26.260782
26.761025
27.249123
27.726119
28.193358
28.652451
29.105232
29.553708
30.000000
20.000000
20.608359
21.214481
21.816187
22.411423
22.998307
23.575188
24.140686
24.693732
25.233598
25.759914
26.272680
26.772265
27.259398
27.735149
28.200896
28.658293
29.109218
29.555728
30.000000
