# heat orientation battery base IC (generator: gen_orient_ic.py)
20.0000680511
20.0000556782
20.0000433052
20.0000309323
20.0000185594
20.0000061865
20.0007501391
20.0006137502
20.0004773612
20.0003409723
20.0002045834
20.0000681945
20.0011190760
20.0009156077
20.0007121393
20.0005086709
20.0003052026
20.0001017342
20.0002259376
20.0001848580
20.0001437784
20.0001026989
20.0000616193
20.0000205398
20.0000061735
20.0000050510
20.0000039286
20.0000028061
20.0000016837
20.0000005612
20.0000000228
20.0000000187
20.0000000145
20.0000000104
20.0000000062
20.0000000021
20.0000000000
20.0000000000
20.0000000000
20.0000000000
20.0000000000
20.0000000000
20.0000000000
20.0000000000
20.0000000000
20.0000000000
20.0000000000
20.0000000000
20.0082689156
20.0067654764
20.0052620372
20.0037585980
20.0022551588
20.0007517196
20.0911497147
20.0745770393
20.0580043639
20.0414316885
20.0248590131
20.0082863377
20.1359793956
20.1112558691
20.0865323426
20.0618088162
20.0370852897
20.0123617632
20.0274537665
20.0224621726
20.0174705787
20.0124789848
20.0074873909
20.0024957970
20.0007501391
20.0006137502
20.0004773612
20.0003409723
20.0002045834
20.0000681945
20.0000027739
20.0000022696
20.0000017652
20.0000012609
20.0000007565
20.0000002522
20.0000000014
20.0000000011
20.0000000009
20.0000000006
20.0000000004
20.0000000001
20.0000000000
20.0000000000
20.0000000000
20.0000000000
20.0000000000
20.0000000000
20.1359793956
20.1112558691
20.0865323426
20.0618088162
20.0370852897
20.0123617632
21.4989248617
21.2263930687
20.9538612756
20.6813294826
20.4087976896
20.1362658965
22.2361331286
21.8295634688
21.4229938091
21.0164241494
20.6098544896
20.2032848299
20.4514674924
20.3693824938
20.2872974952
20.2052124966
20.1231274979
20.0410424993
20.0123357725
20.0100929047
20.0078500370
20.0056071693
20.0033643016
20.0011214339
20.0000456160
20.0000373222
20.0000290284
20.0000207345
20.0000124407
20.0000041469
20.0000000228
20.0000000187
20.0000000145
20.0000000104
20.0000000062
20.0000000021
20.0000000000
20.0000000000
20.0000000000
20.0000000000
20.0000000000
20.0000000000
20.3026277103
20.2476044903
20.1925812702
20.1375580501
20.0825348301
20.0275116100
23.3359186284
22.7293879687
22.1228573090
21.5163266493
20.9097959896
20.3032653299
24.9766057992
24.0717683812
23.1669309631
22.2620935451
21.3572561271
20.4524187090
21.0047593823
20.8220758582
20.6393923342
20.4567088101
20.2740252861
20.0913417620
20.0274537665
20.0224621726
20.0174705787
20.0124789848
20.0074873909
20.0024957970
20.0001015203
20.0000830621
20.0000646038
20.0000461456
20.0000276874
20.0000092291
20.0000000508
20.0000000416
20.0000000323
20.0000000231
20.0000000139
20.0000000046
20.0000000000
20.0000000000
20.0000000000
20.0000000000
20.0000000000
20.0000000000
20.0911497147
20.0745770393
20.0580043639
20.0414316885
20.0248590131
20.0082863377
21.0047593823
20.8220758582
20.6393923342
20.4567088101
20.2740252861
20.0913417620
21.4989248617
21.2263930687
20.9538612756
20.6813294826
20.4087976896
20.1362658965
20.3026277103
20.2476044903
20.1925812702
20.1375580501
20.0825348301
20.0275116100
20.0082689156
20.0067654764
20.0052620372
20.0037585980
20.0022551588
20.0007517196
20.0000305773
20.0000250178
20.0000194583
20.0000138988
20.0000083393
20.0000027798
20.0000000153
20.0000000125
20.0000000097
20.0000000070
20.0000000042
20.0000000014
20.0000000000
20.0000000000
20.0000000000
20.0000000000
20.0000000000
20.0000000000
20.0037154633
20.0030399245
20.0023643857
20.0016888469
20.0010133082
20.0003377694
20.0409562069
20.0335096238
20.0260630407
20.0186164577
20.0111698746
20.0037232915
20.0610994810
20.0499904844
20.0388814879
20.0277724913
20.0166634948
20.0055544983
20.0123357725
20.0100929047
20.0078500370
20.0056071693
20.0033643016
20.0011214339
20.0003370592
20.0002757757
20.0002144922
20.0001532087
20.0000919252
20.0000306417
20.0000012464
20.0000010198
20.0000007932
20.0000005665
20.0000003399
20.0000001133
20.0000000006
20.0000000005
20.0000000004
20.0000000003
20.0000000002
20.0000000001
20.0000000000
20.0000000000
20.0000000000
20.0000000000
20.0000000000
20.0000000000
20.0000204966
20.0000167699
20.0000130433
20.0000093166
20.0000055900
20.0000018633
20.0002259376
20.0001848580
20.0001437784
20.0001026989
20.0000616193
20.0000205398
20.0003370592
20.0002757757
20.0002144922
20.0001532087
20.0000919252
20.0000306417
20.0000680511
20.0000556782
20.0000433052
20.0000309323
20.0000185594
20.0000061865
20.0000018594
20.0000015213
20.0000011833
20.0000008452
20.0000005071
20.0000001690
20.0000000069
20.0000000056
20.0000000044
20.0000000031
20.0000000019
20.0000000006
20.0000000000
20.0000000000
20.0000000000
20.0000000000
20.0000000000
20.0000000000
20.0000000000
20.0000000000
20.0000000000
20.0000000000
20.0000000000
20.0000000000
20.0000000153
20.0000000125
20.0000000097
20.0000000070
20.0000000042
20.0000000014
20.0000001687
20.0000001380
20.0000001073
20.0000000767
20.0000000460
20.0000000153
20.0000002516
20.0000002059
20.0000001601
20.0000001144
20.0000000686
20.0000000229
20.0000000508
20.0000000416
20.0000000323
20.0000000231
20.0000000139
20.0000000046
20.0000000014
20.0000000011
20.0000000009
20.0000000006
20.0000000004
20.0000000001
20.0000000000
20.0000000000
20.0000000000
20.0000000000
20.0000000000
20.0000000000
20.0000000000
20.0000000000
20.0000000000
20.0000000000
20.0000000000
20.0000000000
20.0000000000
20.0000000000
20.0000000000
20.0000000000
20.0000000000
20.0000000000
